8.8017246 5.3932385 -28.1681136
-6.2869461 13.6038403 -38.4110640
6.2869461 27.1271846 -46.0932768

8.8017246 5.3932385 -28.1681136
21.3756169 18.9165827 -35.8503264
6.2869461 27.1271846 -46.0932768

-7.9215521 17.5481491 -28.9363349
-4.1493844 5.3127424 -44.3007605
8.4245078 18.8360866 -51.9829733

-7.9215521 17.5481491 -28.9363349
4.6523401 31.0714933 -36.6185477
8.4245078 18.8360866 -51.9829733

-2.5147785 1.3684336 -53.7754896
12.5738923 -6.8421682 -43.5325392
25.1477845 6.6811760 -51.2147520

-2.5147785 1.3684336 -53.7754896
10.0591138 14.8917779 -61.4577024
25.1477845 6.6811760 -51.2147520

12.5738923 -6.8421682 -43.5325392
8.8017246 5.3932385 -28.1681136
21.3756169 18.9165827 -35.8503264

12.5738923 -6.8421682 -43.5325392
25.1477845 6.6811760 -51.2147520
21.3756169 18.9165827 -35.8503264

12.5738923 -6.8421682 -43.5325392
-2.5147785 1.3684336 -53.7754896
-6.2869461 13.6038403 -38.4110640

12.5738923 -6.8421682 -43.5325392
8.8017246 5.3932385 -28.1681136
-6.2869461 13.6038403 -38.4110640

21.3756169 18.9165827 -35.8503264
6.2869461 27.1271846 -46.0932768
10.0591138 14.8917779 -61.4577024

21.3756169 18.9165827 -35.8503264
25.1477845 6.6811760 -51.2147520
10.0591138 14.8917779 -61.4577024

15.0886707 12.1549106 -32.0092200
-0.0000000 20.3655125 -42.2521704
-3.1434731 -3.3808361 -37.1306952

15.0886707 12.1549106 -32.0092200
18.8608384 -0.0804961 -47.3736456
-3.1434731 -3.3808361 -37.1306952

-0.0000000 20.3655125 -42.2521704
3.7721677 8.1301058 -57.6165960
-3.1434731 -3.3808361 -37.1306952

18.8608384 -0.0804961 -47.3736456
3.7721677 8.1301058 -57.6165960
-3.1434731 -3.3808361 -37.1306952

